20141001095839
20141007083012
20141015113702
20150312124049
20150401115021
20150401120021
20150402085705
20150402095708
20150402100708
20150402101709
20150402102709
20150402103710
20150402104711
20150402105712
20150402110837
20150402113838
20150404092020
20150404093021
20150404111025
20150404112026
20150404115029
20150404120030
20150406090303
20150407095645
20150407100646
20150407103647
20150407104648
20150407123557
20150409104245
20150409105245
20150409110246
20150409111247
20150411123655
20150411131658
20150413115456
20150414095647
20150414100648
20150414101648
20150414102648
20150414103649
20150414104649
20150414105649
20150414110650
20150417081355
20150417094609
20150418093931
20150418094932
20150418095932
20150418100933
20150419094401
20150419101609
